[gd_scene format=3 uid="uid://ck6k6e6juxgsl"]

[ext_resource type="Script" uid="uid://istingek68p4" path="res://mundo.gd" id="1_6ba58"]
[ext_resource type="Texture2D" uid="uid://3lcqrpr2tsx2" path="res://unmsm.png" id="2_lgngo"]

[sub_resource type="StandardMaterial3D" id="StandardMaterial3D_6ba58"]
albedo_texture = ExtResource("2_lgngo")

[sub_resource type="PlaneMesh" id="PlaneMesh_iukla"]
material = SubResource("StandardMaterial3D_6ba58")
size = Vector2(100, 100)

[node name="MUNDO" type="Node3D" unique_id=289558900]
script = ExtResource("1_6ba58")

[node name="SUELO" type="MeshInstance3D" parent="." unique_id=1459015565]
transform = Transform3D(0.9959941, 0.055361316, -0.07021999, -0.05166454, 0.99723506, 0.053413164, 0.07298286, -0.049571317, 0.99610054, 0, 0, 0)
mesh = SubResource("PlaneMesh_iukla")

[node name="LUZ" type="DirectionalLight3D" parent="." unique_id=1708605256]
transform = Transform3D(-0.9208324, -0.38981578, 0.010550584, 0.0039888388, 0.0176386, 0.9998365, -0.38993818, 0.92072386, -0.014687285, -0.8138671, 4.413802, -0.19587469)

[node name="CAMARA" type="Camera3D" parent="." unique_id=983215662]
transform = Transform3D(0.9947086, 0.0759833, 0.06914785, -0.0664128, -0.037954234, 0.99707013, 0.078385144, -0.9963866, -0.032707144, 0.4801576, 9.566167, 0.3960961)
fov = 153.31186

[node name="HTTPRequest" type="HTTPRequest" parent="." unique_id=833170507]

[node name="Timer" type="Timer" parent="." unique_id=182976483]
wait_time = 3.0
autostart = true

[connection signal="timeout" from="Timer" to="." method="_pedir_alertas_al_backend"]
